%YAML:1.0
---
calibration_time: "2019年10月04日 星期五 16时03分17秒"
nframes: 15
image_width: 640
image_height: 480
board_width: 6
board_height: 6
square_size: 1.
aspectRatio: 1.
flags: 2
camera_matrix: !!opencv-matrix
   rows: 3
   cols: 3
   dt: d
   data: [ 5.2613206736361440e+02, 0., 3.2098890050291874e+02, 0.,
       5.2613206736361440e+02, 2.4713409435784283e+02, 0., 0., 1. ]
distortion_coefficients: !!opencv-matrix
   rows: 5
   cols: 1
   dt: d
   data: [ 3.1034798426584559e-01, -2.0786957426704977e+00,
       -1.0609337486972263e-04, 8.9378670231977356e-04,
       4.5757692246876669e+00 ]
avg_reprojection_error: 7.8571546784849830e-02
per_view_reprojection_errors: !!opencv-matrix
   rows: 15
   cols: 1
   dt: f
   data: [ 6.27658144e-02, 8.12408999e-02, 7.67736956e-02,
       7.69596174e-02, 7.77543262e-02, 7.68257007e-02, 9.91428494e-02,
       7.90864527e-02, 9.34404507e-02, 9.38863456e-02, 8.43406916e-02,
       6.24672361e-02, 7.08583519e-02, 6.53120875e-02, 6.60754368e-02 ]
extrinsic_parameters: !!opencv-matrix
   rows: 15
   cols: 6
   dt: d
   data: [ -6.1079088688015461e-02, 1.3246490437822075e-01,
       1.5633028575450343e+00, 1.4482483812061955e+00,
       -2.5917906464930973e+00, 1.3401544666309931e+01,
       -1.5962706401825683e-01, 1.2459943202901438e-01,
       3.6430043737677505e-02, -3.5373467796764362e+00,
       -2.5857331259276450e+00, 1.4198315878806792e+01,
       9.7451336354380164e-02, 3.6180923812568239e-01,
       1.6163938369563018e+00, 1.8066194616571913e+00,
       -2.5684653290984061e+00, 1.3364873573224745e+01,
       -1.8411664162960695e-01, 3.9965284299887660e-01,
       1.4620171502362617e-01, -2.1380086227424520e+00,
       -3.2219479641597575e+00, 1.5849514314898510e+01,
       -1.9395868897882432e-01, -2.7400103103173939e-01,
       -1.3189252153132594e-02, -1.1172487655511303e+00,
       -2.2443554810126045e+00, 1.5745033181068369e+01,
       -2.0866514417193618e-01, -4.9329770718198412e-01,
       -4.0998481506745038e-02, -1.5525063129551500e+00,
       -1.8489729271147637e+00, 1.4987780418008272e+01,
       -2.3339120956466600e-01, -6.1046643305731307e-01,
       -4.3751961884376932e-02, -3.2109870300236336e+00,
       -1.9538468983022865e+00, 1.3525282845141797e+01,
       -3.6474452593673690e-01, -9.2252176174572514e-02,
       4.8947573313278406e-03, -3.6700047043257311e+00,
       -3.3602037407726661e+00, 1.3186099676549993e+01,
       -5.2715049859971330e-01, -4.5835462033368003e-02,
       2.8769113974641845e-02, -2.9401265283395213e+00,
       -2.7383209518281690e+00, 1.3391603554784069e+01,
       -6.0692323397876702e-01, -5.1534127110892350e-02,
       9.7477418649222561e-03, -3.2235296474708011e+00,
       -2.6575557138744297e+00, 1.3472317699148498e+01,
       1.5827137545734946e-01, -8.4369748631245328e-02,
       9.4689995120516828e-03, -3.4204991026402891e+00,
       -2.2054947749245910e+00, 1.1645654737327435e+01,
       3.2505435303158969e-01, -7.9304758854993732e-02,
       -1.4862482667215517e-03, -2.6903439355755263e+00,
       -2.2596730960621993e+00, 1.0992009716732534e+01,
       -1.6659707022415635e-01, -6.0640096008925259e-01,
       1.4137625764901691e+00, 1.4582815640695892e+00,
       -2.9217309394241937e+00, 1.2903246292243999e+01,
       -2.8983736359889578e-01, 8.9823740805264479e-02,
       2.4739508836451923e-01, -3.9308658366151548e+00,
       -3.9692584661158294e+00, 1.7200850180565133e+01,
       -1.1220934060539903e-01, -1.9923771074682899e-02,
       1.9527223545100436e-03, -3.6204394419124606e+00,
       -2.7128692697480505e+00, 1.1072903643387235e+01 ]
image_points: !!opencv-matrix
   rows: 15
   cols: 36
   dt: "2f"
   data: [ 3.78472534e+02, 1.44297272e+02, 3.78835754e+02,
       1.83375504e+02, 3.79396179e+02, 2.22722427e+02, 3.79899445e+02,
       2.62719971e+02, 3.80755493e+02, 3.03610168e+02, 3.81659912e+02,
       3.45713684e+02, 3.38678406e+02, 1.45147202e+02, 3.38895691e+02,
       1.84010513e+02, 3.39078918e+02, 2.23253067e+02, 3.39375488e+02,
       2.62910309e+02, 3.39639313e+02, 3.03603699e+02, 3.40109009e+02,
       3.45504791e+02, 2.99376923e+02, 1.45680862e+02, 2.99355743e+02,
       1.84541962e+02, 2.99374969e+02, 2.23552414e+02, 2.99213013e+02,
       2.63246735e+02, 2.99057007e+02, 3.03696106e+02, 2.98736389e+02,
       3.45506195e+02, 2.60191528e+02, 1.46237427e+02, 2.59899506e+02,
       1.84904221e+02, 2.59558807e+02, 2.23931824e+02, 2.59160309e+02,
       2.63530823e+02, 2.58495300e+02, 3.04067047e+02, 2.57744690e+02,
       3.45617462e+02, 2.21113129e+02, 1.46548355e+02, 2.20451508e+02,
       1.85228836e+02, 2.19718338e+02, 2.24214325e+02, 2.18948349e+02,
       2.63825439e+02, 2.17895462e+02, 3.04385742e+02, 2.16765457e+02,
       3.45916412e+02, 1.82141861e+02, 1.47091156e+02, 1.81134491e+02,
       1.85472687e+02, 1.80064301e+02, 2.24539536e+02, 1.78753876e+02,
       2.64191132e+02, 1.77463089e+02, 3.04647522e+02, 1.75989685e+02,
       3.46060272e+02, 1.88065613e+02, 1.49898056e+02, 2.24634933e+02,
       1.50293839e+02, 2.61667267e+02, 1.50623642e+02, 2.99366638e+02,
       1.50858887e+02, 3.37573120e+02, 1.51013535e+02, 3.76624146e+02,
       1.50972534e+02, 1.85050323e+02, 1.86425461e+02, 2.21872055e+02,
       1.87182800e+02, 2.59524017e+02, 1.87712784e+02, 2.97396362e+02,
       1.88386185e+02, 3.35962280e+02, 1.88774094e+02, 3.75230194e+02,
       1.89255859e+02, 1.81833450e+02, 2.23582138e+02, 2.19290054e+02,
       2.24489517e+02, 2.57257782e+02, 2.25452957e+02, 2.95456573e+02,
       2.26355698e+02, 3.34205597e+02, 2.27244232e+02, 3.73880524e+02,
       2.27882492e+02, 1.78399872e+02, 2.61565643e+02, 2.16380829e+02,
       2.62674988e+02, 2.54607849e+02, 2.63822540e+02, 2.93369476e+02,
       2.65005829e+02, 3.32584839e+02, 2.66202362e+02, 3.72720520e+02,
       2.67523041e+02, 1.74789917e+02, 3.00559845e+02, 2.13027740e+02,
       3.01859314e+02, 2.51815231e+02, 3.03320831e+02, 2.91087189e+02,
       3.04748505e+02, 3.30901886e+02, 3.06413239e+02, 3.71608337e+02,
       3.08246552e+02, 1.71122879e+02, 3.40480865e+02, 2.09621719e+02,
       3.42378174e+02, 2.48938690e+02, 3.44095276e+02, 2.88710754e+02,
       3.45905487e+02, 3.29256836e+02, 3.48004883e+02, 3.70637299e+02,
       3.50344330e+02, 3.92901062e+02, 1.44922974e+02, 3.90120239e+02,
       1.83532883e+02, 3.87341614e+02, 2.22756683e+02, 3.84570099e+02,
       2.62776550e+02, 3.81897186e+02, 3.03984985e+02, 3.79392853e+02,
       3.46443390e+02, 3.54122437e+02, 1.45764297e+02, 3.51055542e+02,
       1.83643021e+02, 3.47832245e+02, 2.21946136e+02, 3.44780640e+02,
       2.61093964e+02, 3.41708832e+02, 3.01068481e+02, 3.38576172e+02,
       3.42495270e+02, 3.17009155e+02, 1.46521362e+02, 3.13689148e+02,
       1.83660583e+02, 3.10430206e+02, 2.21189697e+02, 3.06970306e+02,
       2.59343781e+02, 3.03425140e+02, 2.98438049e+02, 2.99648804e+02,
       3.38916046e+02, 2.81372101e+02, 1.47192581e+02, 2.77926453e+02,
       1.83443344e+02, 2.74355927e+02, 2.20327454e+02, 2.70589417e+02,
       2.57653778e+02, 2.66651154e+02, 2.96073059e+02, 2.62391266e+02,
       3.35650391e+02, 2.47098145e+02, 1.47567459e+02, 2.43321396e+02,
       1.83234604e+02, 2.39487793e+02, 2.19376526e+02, 2.35461304e+02,
       2.56207703e+02, 2.31074722e+02, 2.93741455e+02, 2.26456833e+02,
       3.32640625e+02, 2.13851288e+02, 1.48004532e+02, 2.09947006e+02,
       1.82947968e+02, 2.05720306e+02, 2.18451172e+02, 2.01370819e+02,
       2.54571396e+02, 1.96728928e+02, 2.91624664e+02, 1.91872299e+02,
       3.29652283e+02, 2.49185654e+02, 1.38871002e+02, 2.78667908e+02,
       1.39925613e+02, 3.09694336e+02, 1.40802368e+02, 3.42576202e+02,
       1.41669434e+02, 3.77231232e+02, 1.42504242e+02, 4.14055542e+02,
       1.43371979e+02, 2.42642151e+02, 1.71146881e+02, 2.72409119e+02,
       1.72926163e+02, 3.03507324e+02, 1.74741791e+02, 3.36263916e+02,
       1.76672241e+02, 3.71009399e+02, 1.78467957e+02, 4.07855286e+02,
       1.80299026e+02, 2.36065720e+02, 2.03627884e+02, 2.65810638e+02,
